[gd_scene format=3 uid="uid://b3jj0lt3qg4p5"]

[ext_resource type="Script" uid="uid://cg65y6pc5m8km" path="res://scripts/Main.gd" id="1_la3hm"]
[ext_resource type="PackedScene" uid="uid://b5hxvi6pao7x0" path="res://scenes/ui/MainUI.tscn" id="2_ui"]

[sub_resource type="StandardMaterial3D" id="StandardMaterial3D_u57aq"]
albedo_color = Color(0.33, 0.45, 0.31, 1)

[sub_resource type="PlaneMesh" id="PlaneMesh_20xrn"]
size = Vector2(48, 48)

[node name="Main" type="Node3D" unique_id=1839986298]
script = ExtResource("1_la3hm")

[node name="Sun" type="DirectionalLight3D" parent="." unique_id=428098137]
transform = Transform3D(0.866025, -0.482963, 0.12941, 0, 0.258819, 0.965926, -0.5, -0.836516, 0.224144, 0, 14, 0)
shadow_enabled = true

[node name="CameraPivot" type="Node3D" parent="." unique_id=419224222]

[node name="CameraBoom" type="Node3D" parent="CameraPivot" unique_id=292897475]
transform = Transform3D(1, 0, 0, 0, 0.5735765, 0.819152, 0, -0.819152, 0.5735765, 0, 0, 0)

[node name="Camera3D" type="Camera3D" parent="CameraPivot/CameraBoom" unique_id=994639556]
transform = Transform3D(0.42261827, 0.9063078, -6.75252e-09, -0.83731925, 0.39044836, 0.38268346, 0.346829, -0.16172901, 0.92387956, -25, 10, 0)
current = true

[node name="Ground" type="MeshInstance3D" parent="." unique_id=577990525]
material_override = SubResource("StandardMaterial3D_u57aq")
mesh = SubResource("PlaneMesh_20xrn")

[node name="PlacementCursor" type="MeshInstance3D" parent="." unique_id=1953680457]

[node name="RoadChunks" type="Node3D" parent="." unique_id=212345003]

[node name="UI" type="CanvasLayer" parent="." unique_id=212345004]

[node name="MainUI" parent="UI" unique_id=2145038311 instance=ExtResource("2_ui")]
